0 10
4 1010
15 2010
37 3010
61 4010
96 5010
185 6010
171 7010
233 8010
287 9010
374 10010
557 11010
597 12010
724 13010
855 14010
957 15010
1226 16010
1346 17010
1473 18010
1493 19010
1814 20010
1710 21010
1948 22010
2438 23010
2698 24010
2520 25010
2924 26010
3037 27010
3422 28010
3632 29010
3807 30010
4033 31010
4634 32010
4859 33010
5014 34010
5221 35010
5464 36010
5817 37010
6312 38010
6596 39010
7418 40010
9384 41010
9797 42010
10394 43010
11183 44010
7627 45010
8136 46010
8271 47010
9145 48010
10110 49010
13944 50010
