0 10
2 1010
10 2010
19 3010
30 4010
47 5010
65 6010
90 7010
112 8010
143 9010
227 10010
347 11010
418 12010
439 13010
469 14010
499 15010
606 16010
791 17010
758 18010
880 19010
959 20010
1082 21010
1098 22010
1204 23010
1367 24010
1335 25010
1770 26010
1783 27010
1865 28010
1732 29010
2286 30010
2215 31010
2203 32010
2717 33010
2634 34010
2973 35010
3022 36010
3257 37010
3531 38010
3479 39010
4306 40010
5074 41010
5283 42010
5752 43010
5026 44010
4401 45010
4459 46010
4848 47010
4939 48010
5988 49010
7561 50010
