0 10
4 1010
9 2010
16 3010
27 4010
59 5010
65 6010
87 7010
115 8010
143 9010
216 10010
287 11010
320 12010
401 13010
532 14010
532 15010
639 16010
710 17010
803 18010
814 19010
928 20010
990 21010
1095 22010
1242 23010
1516 24010
1509 25010
1578 26010
1771 27010
1798 28010
1819 29010
1923 30010
2288 31010
2314 32010
2366 33010
2816 34010
2793 35010
3005 36010
3172 37010
3245 38010
3786 39010
4559 40010
4992 41010
5245 42010
5592 43010
4239 44010
4059 45010
4824 46010
4263 47010
5084 48010
7198 49010
7375 50010
